Age	Level
0.000	0.0
0.001	0.0
0.002	3.3
0.003	-4.0
0.004	-4.7
0.005	-2.0
0.006	-6.7
0.007	-9.3
0.008	-12.7
0.009	-10.0
0.010	-19.33
0.011	-24.67
0.012	-46.00
0.013	-55.33
0.014	-70.00
0.015	-84.00
0.016	-101.33
0.017	-110.00
0.018	-119.33
0.019	-115.33
0.020	-117.33
0.021	-112.00
0.022	-110.00
0.023	-108.67
0.024	-105.33
0.025	-106.00
0.026	-96.00
0.027	-101.33
0.028	-101.33
0.029	-100.00
0.030	-92.67
0.031	-92.67
0.032	-91.33
0.033	-90.00
0.034	-90.67
0.035	-87.33
0.036	-81.33
0.037	-82.00
0.038	-78.67
0.039	-88.00
0.040	-88.00
0.041	-85.33
0.042	-84.67
0.043	-82.00
0.044	-83.33
0.045	-73.33
0.046	-75.33
0.047	-76.67
0.048	-81.33
0.049	-82.00
0.050	-74.00
0.051	-73.33
0.052	-72.00
0.053	-80.67
0.054	-76.67
0.055	-72.00
0.056	-74.67
0.057	-80.00
0.058	-84.00
0.059	-80.00
0.060	-91.33
0.061	-85.33
0.062	-91.33
0.063	-86.67
0.064	-75.33
0.065	-83.33
0.066	-89.33
0.067	-80.67
0.068	-79.33
0.069	-82.67
0.070	-72.67
0.071	-66.00
0.072	-65.33
0.073	-66.67
0.074	-53.33
0.075	-48.00
0.076	-55.33
0.077	-56.67
0.078	-54.67
0.079	-54.67
0.080	-44.67
0.081	-39.33
0.082	-38.00
0.083	-40.00
0.084	-39.33
0.085	-48.00
0.086	-55.33
0.087	-63.33
0.088	-58.67
0.089	-56.67
0.090	-55.33
0.091	-53.33
0.092	-50.00
0.093	-44.67
0.094	-40.67
0.095	-36.00
0.096	-34.67
0.097	-40.00
0.098	-44.67
0.099	-36.67
0.100	-38.67
0.101	-46.00
0.102	-42.00
0.103	-43.33
0.104	-46.00
0.105	-41.33
0.106	-51.33
0.107	-54.00
0.108	-58.67
0.109	-59.33
0.110	-54.00
0.111	-52.67
0.112	-53.33
0.113	-46.67
0.114	-38.67
0.115	-32.00
0.116	-23.33
0.117	-20.67
0.118	-14.00
0.119	-4.67
0.120	-2.67
0.121	-2.00
0.122	3.33
0.123	8.67
0.124	-2.67
0.125	6.00
0.126	4.67
0.127	-9.33
0.128	-32.00
0.129	-44.67
0.130	-29.33
0.131	-38.67
0.132	-64.67
0.133	-78.67
0.134	-98.00
0.135	-108.67
0.136	-106.00
0.137	-104.67
0.138	-110.67
0.139	-109.33
0.140	-116.67
0.141	-105.33
0.142	-101.33
0.143	-103.33
0.144	-106.00
0.145	-100.67
0.146	-102.67
0.147	-106.00
0.148	-98.67
0.149	-101.33
0.150	-101.33
0.151	-95.33
0.152	-94.00
0.153	-92.67
0.154	-95.33
0.155	-85.33
0.156	-103.33
0.157	-100.67
0.158	-97.33
0.159	-95.33
0.160	-97.33
0.161	-94.67
0.162	-95.33
0.163	-98.00
0.164	-96.67
0.165	-96.67
0.166	-83.33
0.167	-78.67
0.168	-83.33
0.169	-84.67
0.170	-84.67
0.171	-86.67
0.172	-82.00
0.173	-76.67
0.174	-70.00
0.175	-72.67
0.176	-77.33
0.177	-82.00
0.178	-80.67
0.179	-83.33
0.180	-77.33
0.181	-82.00
0.182	-83.33
0.183	-76.00
0.184	-78.00
0.185	-90.67
0.186	-82.67
0.187	-78.00
0.188	-82.00
0.189	-77.33
0.190	-70.00
0.191	-60.00
0.192	-35.33
0.193	-46.00
0.194	-40.67
0.195	-45.33
0.196	-39.33
0.197	-34.00
0.198	-39.33
0.199	-22.67
0.200	-20.00
0.201	-20.00
0.202	-26.67
0.203	-25.33
0.204	-36.67
0.205	-39.33
0.206	-36.00
0.207	-36.67
0.208	-32.00
0.209	-27.33
0.210	-22.67
0.211	-24.67
0.212	-25.33
0.213	-28.00
0.214	-22.00
0.215	-20.67
0.216	-20.00
0.217	-16.67
0.218	-32.67
0.219	-47.33
0.220	-50.00
0.221	-66.67
0.222	-76.67
0.223	-80.67
0.224	-77.33
0.225	-70.00
0.226	-70.67
0.227	-64.00
0.228	-64.00
0.229	-52.67
0.230	-71.33
0.231	-66.00
0.232	-62.67
0.233	-49.33
0.234	-40.67
0.235	-32.00
0.236	-28.67
0.237	-16.00
0.238	-18.67
0.239	-14.00
0.240	-14.00
0.241	-20.67
0.242	-30.00
0.243	-36.67
0.244	-54.67
0.245	-62.67
0.246	-76.67
0.247	-72.00
0.248	-76.67
0.249	-75.33
0.250	-84.67
0.251	-90.00
0.252	-93.33
0.253	-86.00
0.254	-89.33
0.255	-76.00
0.256	-80.00
0.257	-88.00
0.258	-85.33
0.259	-86.00
0.260	-82.00
0.261	-86.00
0.262	-81.33
0.263	-82.00
0.264	-79.33
0.265	-80.67
0.266	-84.67
0.267	-84.67
0.268	-73.33
0.269	-86.00
0.270	-85.33
0.271	-84.67
0.272	-80.67
0.273	-80.67
0.274	-76.67
0.275	-76.67
0.276	-71.33
0.277	-80.67
0.278	-72.00
0.279	-66.67
0.280	-60.67
0.281	-65.33
0.282	-50.00
0.283	-42.67
0.284	-42.00
0.285	-40.67
0.286	-39.33
0.287	-44.00
0.288	-52.67
0.289	-55.33
0.290	-58.00
0.291	-58.67
0.292	-69.33
0.293	-66.00
0.294	-73.33
0.295	-72.00
0.296	-66.67
0.297	-71.33
0.298	-62.67
0.299	-66.67
0.300	-52.67
0.301	-55.33
0.302	-55.33
0.303	-51.33
0.304	-56.00
0.305	-56.00
0.306	-54.67
0.307	-51.33
0.308	-41.33
0.309	-42.00
0.310	-38.00
0.311	-31.33
0.312	-37.33
0.313	-30.67
0.314	-36.00
0.315	-26.00
0.316	-30.67
0.317	-44.00
0.318	-35.33
0.319	-23.33
0.320	-28.67
0.321	-20.00
0.322	-20.00
0.323	-16.00
0.324	1.33
0.325	-5.33
0.326	0.00
0.327	0.67
0.328	0.00
0.329	2.67
0.330	-4.67
0.331	-4.00
0.332	-10.67
0.333	-10.00
0.334	-18.67
0.335	-34.67
0.336	-56.67
0.337	-66.67
0.338	-62.67
0.339	-79.33
0.340	-91.33
0.341	-107.33
0.342	-106.67
0.343	-104.67
0.344	-102.00
0.345	-104.00
0.346	-96.67
0.347	-86.67
0.348	-84.00
0.349	-92.67
0.350	-96.00
0.351	-94.00
0.352	-82.67
0.353	-82.67
0.354	-78.00
0.355	-90.67
0.356	-82.00
0.357	-88.00
0.358	-90.00
0.359	-84.00
0.360	-87.33
0.361	-84.67
0.362	-84.67
0.363	-86.67
0.364	-75.33
0.365	-82.00
0.366	-72.67
0.367	-76.00
0.368	-78.00
0.369	-76.67
0.370	-75.33
0.371	-69.33
0.372	-79.33
0.373	-70.67
0.374	-74.00
0.375	-64.67
0.376	-65.33
0.377	-64.67
0.378	-64.00
0.379	-62.67
0.380	-64.00
0.381	-61.33
0.382	-54.67
0.383	-59.33
0.384	-56.67
0.385	-60.67
0.386	-52.67
0.387	-50.67
0.388	-46.00
0.389	-44.00
0.390	-48.67
0.391	-51.33
0.392	-49.33
0.393	-42.00
0.394	-46.00
0.395	-35.33
0.396	-32.67
0.397	-16.00
0.398	-20.67
0.399	-16.67
0.400	-6.00
0.401	2.00
0.402	4.00
0.403	5.33
0.404	2.00
0.405	8.00
0.406	2.67
0.407	1.33
0.408	4.00
0.409	0.67
0.410	5.33
0.411	-4.00
0.412	-5.33
0.413	-10.00
0.414	-12.00
0.415	-12.00
0.416	-18.67
0.417	-22.67
0.418	-34.67
0.419	-38.67
0.420	-36.00
0.421	-41.33
0.422	-47.33
0.423	-52.67
0.424	-46.00
0.425	-71.33
0.426	-84.67
0.427	-71.33
0.428	-99.33
0.429	-112.00
0.430	-116.67
0.431	-121.33
0.432	-121.33
0.433	-123.33
0.434	-123.33
0.435	-119.33
0.436	-122.67
0.437	-111.33
0.438	-104.00
0.439	-109.33
0.440	-102.00
0.441	-114.67
0.442	-115.33
0.443	-112.00
0.444	-106.00
0.445	-112.00
0.446	-106.00
0.447	-85.33
0.448	-102.67
0.449	-100.00
0.450	-101.33
0.451	-90.00
0.452	-100.00
0.453	-88.67
0.454	-91.33
0.455	-78.67
0.456	-92.67
0.457	-93.33
0.458	-88.00
0.459	-93.33
0.460	-88.67
0.461	-90.67
0.462	-92.00
0.463	-92.00
0.464	-80.67
0.465	-89.33
0.466	-82.00
0.467	-80.67
0.468	-76.67
0.469	-85.33
0.470	-73.33
0.471	-68.00
0.472	-72.67
0.473	-75.33
0.474	-77.33
0.475	-74.67
0.476	-71.33
0.477	-69.33
0.478	-66.00
0.479	-59.33
0.480	-59.33
0.481	-62.67
0.482	-52.00
0.483	-49.33
0.484	-37.33
0.485	-38.67
0.486	-35.33
0.487	-32.67
0.488	-29.33
0.489	-24.67
0.490	-20.67
0.491	-16.00
0.492	-26.67
0.493	-32.67
0.494	-40.00
0.495	-40.00
0.496	-40.00
0.497	-30.00
0.498	-39.33
0.499	-34.67
0.500	-40.67
0.501	-36.67
0.502	-34.67
0.503	-38.67
0.504	-45.33
0.505	-42.00
0.506	-52.00
0.507	-46.67
0.508	-62.00
0.509	-55.33
0.510	-60.67
0.511	-55.33
0.512	-66.00
0.513	-68.00
0.514	-58.00
0.515	-58.00
0.516	-52.00
0.517	-48.67
0.518	-56.00
0.519	-48.67
0.520	-48.00
0.521	-45.33
0.522	-43.33
0.523	-46.67
0.524	-40.00
0.525	-46.00
0.526	-49.33
0.527	-48.67
0.528	-46.00
0.529	-50.67
0.530	-49.33
0.531	-46.00
0.532	-52.00
0.533	-58.67
0.534	-69.33
0.535	-70.67
0.536	-88.00
0.537	-80.00
0.538	-87.33
0.539	-83.33
0.540	-86.67
0.541	-84.67
0.542	-81.33
0.543	-81.33
0.544	-82.00
0.545	-80.00
0.546	-85.33
0.547	-86.67
0.548	-88.00
0.549	-86.67
0.550	-84.67
0.551	-81.33
0.552	-86.00
0.553	-82.00
0.554	-70.67
0.555	-68.00
0.556	-77.33
0.557	-74.67
0.558	-68.00
0.559	-62.67
0.560	-60.67
0.561	-65.33
0.562	-60.67
0.563	-62.67
0.564	-52.00
0.565	-48.67
0.566	-42.00
0.567	-47.33
0.568	-51.33
0.569	-49.33
0.570	-45.33
0.571	-44.00
0.572	-24.00
0.573	-28.00
0.574	-33.33
0.575	-10.67
0.576	-15.33
0.577	-16.67
0.578	-18.00
0.579	-22.67
0.580	-30.67
0.581	-51.33
0.582	-60.00
0.583	-70.67
0.584	-72.00
0.585	-73.33
0.586	-63.33
0.587	-58.67
0.588	-64.00
0.589	-56.00
0.590	-57.33
0.591	-56.00
0.592	-52.67
0.593	-50.67
0.594	-44.67
0.595	-43.33
0.596	-44.00
0.597	-38.00
0.598	-50.67
0.599	-52.67
0.600	-56.00
0.602	-49.33
0.604	-36.00
0.606	-38.00
0.608	-38.00
0.610	-17.33
0.612	-19.33
0.614	-20.00
0.616	-28.67
0.618	-38.67
0.620	-57.33
0.622	-72.00
0.624	-93.33
0.626	-111.33
0.628	-118.67
0.630	-123.33
0.632	-121.33
0.634	-113.33
0.636	-118.00
0.638	-104.67
0.640	-118.67
0.642	-101.33
0.644	-96.67
0.646	-99.33
0.648	-101.33
0.650	-98.67
0.652	-104.00
0.654	-102.67
0.656	-89.33
0.658	-90.00
0.660	-94.00
0.662	-104.67
0.664	-90.00
0.666	-84.67
0.668	-94.67
0.670	-79.33
0.672	-86.00
0.674	-82.00
0.676	-78.00
0.678	-68.67
0.680	-60.67
0.682	-61.33
0.684	-53.33
0.686	-60.00
0.688	-48.00
0.690	-31.33
0.692	-32.00
0.694	-27.33
0.696	-18.00
0.698	-22.67
0.700	-28.00
0.702	-35.33
0.704	-40.67
0.706	-46.67
0.708	-53.33
0.710	-50.00
0.712	-55.33
0.714	-70.67
0.716	-92.00
0.718	-101.33
0.720	-95.33
0.722	-94.67
0.724	-80.67
0.726	-72.67
0.728	-62.00
0.730	-62.00
0.732	-52.67
0.734	-61.33
0.736	-64.00
0.738	-65.33
0.740	-58.67
0.742	-62.67
0.744	-83.33
0.746	-96.00
0.748	-90.67
0.750	-91.33
0.752	-83.33
0.754	-88.00
0.756	-90.67
0.758	-68.67
0.760	-73.33
0.762	-58.67
0.764	-70.00
0.766	-58.67
0.768	-56.00
0.770	-50.67
0.772	-42.67
0.774	-35.33
0.776	-27.33
0.778	-22.00
0.780	-16.67
0.782	-20.67
0.784	-21.33
0.786	-30.00
0.788	-31.33
0.790	-62.00
0.792	-69.33
0.794	-100.67
0.796	-96.00
0.798	-96.67
0.800	-96.67
0.802	-100.00
0.804	-88.00
0.806	-86.67
0.808	-84.00
0.810	-72.00
0.812	-76.67
0.814	-59.33
0.816	-56.67
0.818	-44.67
0.820	-48.67
0.822	-44.67
0.824	-46.00
0.826	-58.67
0.828	-48.00
0.830	-54.00
0.832	-56.00
0.834	-48.00
0.836	-39.33
0.838	-50.67
0.840	-52.67
0.842	-38.67
0.844	-29.33
0.846	-23.33
0.848	-26.67
0.850	-18.00
0.852	-28.00
0.854	-26.67
0.856	-15.33
0.858	-12.67
0.860	-14.67
0.862	-30.00
0.864	-23.33
0.866	-55.33
0.868	-72.67
0.870	-85.33
0.872	-96.00
0.874	-96.67
0.876	-97.33
0.878	-90.67
0.880	-96.67
0.882	-79.33
0.884	-82.67
0.886	-82.67
0.888	-81.33
0.890	-77.33
0.892	-72.67
0.894	-78.67
0.896	-78.00
0.898	-73.33
0.900	-70.67
0.902	-62.67
0.904	-60.67
0.906	-59.33
0.908	-50.67
0.910	-50.67
0.912	-57.33
0.914	-53.33
0.916	-55.33
0.918	-76.00
0.920	-85.33
0.922	-88.00
0.924	-80.00
0.926	-76.67
0.928	-68.67
0.930	-58.00
0.932	-56.00
0.934	-50.00
0.936	-52.67
0.938	-42.00
0.940	-44.00
0.942	-30.67
0.944	-22.67
0.946	-26.67
0.948	-16.67
0.950	-14.00
0.952	-4.67
0.954	-10.67
0.956	-6.67
0.958	-33.33
0.960	-62.00
0.962	-79.33
0.964	-90.00
0.966	-71.33
0.968	-65.33
0.970	-57.33
0.972	-50.00
0.974	-42.67
0.976	-36.00
0.978	-32.67
0.980	-35.33
0.982	-50.67
0.984	-61.33
0.986	-67.33
0.988	-65.33
0.990	-58.67
0.992	-55.33
0.994	-47.33
0.996	-40.67
0.998	-40.67
1.000	-47.33
1.002	-61.33
1.004	-70.00
1.006	-66.00
1.008	-66.00
1.010	-59.33
1.012	-60.00
1.014	-50.67
1.016	-33.33
1.018	-36.67
1.020	-40.00
1.022	-22.67
1.024	-27.33
1.026	-42.67
1.028	-40.67
1.030	-48.00
1.032	-56.67
1.034	-75.33
1.036	-73.33
1.038	-87.33
1.040	-73.33
1.042	-66.67
1.044	-76.67
1.046	-66.00
1.048	-70.67
1.050	-63.33
1.052	-69.33
1.054	-68.00
1.056	-59.33
1.058	-66.67
1.060	-56.67
1.062	-47.33
1.064	-28.67
1.066	-16.67
1.068	-6.67
1.070	-7.33
1.072	1.33
1.074	-12.67
1.076	-16.67
1.078	-20.67
1.080	-25.33
1.082	-38.67
1.084	-31.33
1.086	-44.00
1.088	-45.33
1.090	-48.00
1.092	-52.00
1.094	-51.33
1.096	-53.33
1.098	-70.67
1.100	-56.67
1.102	-53.33
1.104	-46.67
1.106	-40.00
1.108	-29.33
1.110	-41.33
1.112	-40.67
1.114	-59.33
1.116	-60.67
1.118	-64.67
1.120	-57.33
1.122	-82.67
1.124	-74.00
1.126	-84.67
1.128	-76.67
1.130	-72.67
1.132	-54.67
1.134	-66.00
1.136	-67.33
1.138	-52.67
1.140	-52.67
1.142	-49.33
1.144	-50.67
1.146	-42.00
1.148	-52.67
1.150	-39.33
1.152	-34.67
1.154	-35.33
1.156	-37.33
1.158	-30.00
1.160	-24.67
1.162	-24.67
1.164	-28.67
1.166	-20.00
1.168	-22.00
1.170	-24.67
1.172	-33.33
1.174	-35.33
1.176	-34.00
1.178	-38.00
1.180	-24.67
1.182	-40.67
1.184	-28.00
1.186	-36.00
1.188	-29.33
1.190	-54.67
1.192	-60.67
1.194	-69.33
1.196	-70.00
1.198	-80.00
1.200	-79.33
1.202	-64.67
1.204	-74.00
1.206	-62.00
1.208	-72.67
1.210	-64.67
1.212	-56.67
1.214	-58.00
1.216	-39.33
1.218	-33.33
1.220	-49.33
1.222	-47.33
1.224	-34.00
1.226	-26.67
1.228	-21.33
1.230	-12.67
1.232	-12.00
1.234	-7.33
1.236	-10.00
1.238	-8.00
1.240	-6.67
1.242	-16.00
1.244	-41.33
1.246	-58.00
1.248	-75.33
1.250	-72.00
1.252	-68.00
1.254	-69.33
1.256	-58.67
1.258	-44.67
1.260	-42.67
1.262	-56.00
1.264	-48.67
1.266	-45.33
1.268	-45.33
1.270	-40.67
1.272	-38.67
1.274	-40.67
1.276	-32.00
1.278	-29.33
1.280	-22.00
1.282	-28.00
1.284	-40.67
1.286	-49.33
1.288	-68.67
1.290	-74.67
1.292	-60.67
1.294	-47.33
1.296	-64.67
1.298	-61.33
1.300	-56.00
1.302	-55.33
1.304	-49.33
1.306	-44.67
1.308	-38.00
1.310	-28.00
1.312	-30.67
1.314	-32.00
1.316	-24.00
1.318	-33.33
1.320	-48.00
1.322	-47.33
1.324	-50.67
1.326	-51.33
1.328	-57.33
1.330	-55.33
1.332	-52.67
1.334	-64.00
1.336	-64.00
1.338	-58.00
1.340	-64.00
1.342	-56.00
1.344	-43.33
1.346	-42.00
1.348	-29.33
1.350	-24.00
1.352	-17.33
1.354	-12.00
1.356	-18.00
1.358	-21.33
1.360	-26.67
1.362	-38.00
1.364	-50.00
1.366	-50.67
1.368	-64.67
1.370	-54.00
1.372	-68.67
1.374	-65.33
1.376	-56.67
1.378	-64.67
1.380	-54.67
1.382	-48.67
1.384	-39.33
1.386	-32.67
1.388	-25.33
1.390	-33.33
1.392	-24.00
1.394	-31.33
1.396	-20.67
1.398	-17.33
1.400	-22.00
1.402	-26.67
1.404	-34.00
1.406	-49.33
1.408	-49.33
1.410	-64.67
1.412	-78.00
1.414	-66.00
1.416	-48.67
1.418	-40.67
1.420	-48.67
1.422	-40.00
1.424	-32.67
1.426	-32.67
1.428	-25.33
1.430	-19.33
1.432	-10.00
1.434	-10.00
1.436	-0.67
1.438	-0.67
1.440	-3.33
1.442	-7.33
1.444	-6.67
1.446	-8.67
1.448	-8.00
1.450	-17.33
1.452	-38.00
1.454	-64.67
1.456	-72.00
1.458	-67.33
1.460	-58.00
1.462	-56.00
1.464	-66.00
1.466	-50.67
1.468	-42.67
1.470	-26.00
1.472	-14.67
1.474	-10.00
1.476	-5.33
1.478	-12.67
1.480	-10.67
1.482	-14.00
1.484	-22.67
1.486	-12.67
1.488	-12.67
1.490	-18.67
1.492	-36.00
1.494	-54.67
1.496	-75.33
1.498	-67.33
1.500	-65.33
1.503	-70.67
1.505	-62.00
1.508	-61.33
1.510	-52.67
1.513	-34.00
1.515	-30.67
1.518	-37.33
1.520	-27.33
1.523	-29.33
1.525	-31.33
1.528	-44.00
1.530	-48.67
1.533	-64.67
1.535	-78.67
1.538	-74.67
1.540	-76.67
1.543	-71.33
1.545	-56.00
1.548	-49.33
1.550	-39.33
1.553	-30.00
1.555	-32.67
1.558	-37.33
1.560	-35.33
1.563	-23.33
1.565	-22.00
1.568	-33.33
1.570	-41.33
1.573	-62.67
1.575	-67.33
1.578	-63.33
1.580	-50.67
1.583	-50.67
1.585	-38.00
1.588	-28.67
1.590	-32.67
1.593	-42.00
1.595	-32.00
1.598	-25.33
1.600	-20.00
1.603	-9.33
1.605	-21.33
1.608	-28.67
1.610	-28.67
1.613	-43.33
1.615	-40.67
1.618	-44.67
1.620	-28.00
1.623	-30.00
1.625	-35.33
1.628	-52.00
1.630	-21.33
1.633	-22.67
1.635	-22.00
1.638	-24.67
1.640	-30.00
1.643	-43.33
1.645	-54.67
1.648	-62.67
1.650	-63.33
1.653	-68.00
1.655	-70.00
1.658	-58.67
1.660	-60.00
1.663	-56.67
1.665	-60.00
1.668	-45.33
1.670	-43.33
1.673	-42.00
1.675	-21.33
1.678	-32.67
1.680	-28.00
1.683	-22.67
1.685	-24.00
1.688	-34.00
1.690	-32.67
1.693	-34.67
1.695	-39.33
1.698	-36.00
1.700	-57.33
1.703	-61.33
1.705	-59.33
1.708	-62.67
1.710	-46.67
1.713	-42.00
1.715	-40.00
1.718	-22.67
1.720	-19.33
1.723	-32.67
1.725	-37.33
1.728	-38.00
1.730	-34.00
1.733	-42.00
1.735	-24.67
1.738	-24.67
1.740	-32.00
1.743	-30.67
1.745	-60.00
1.748	-65.33
1.750	-62.00
1.753	-41.33
1.755	-34.00
1.758	-40.00
1.760	-20.00
1.763	-26.67
1.765	-17.33
1.768	-19.33
1.770	-16.67
1.773	-10.00
1.775	-20.00
1.778	-22.67
1.780	-28.00
1.783	-38.00
1.785	-36.00
1.788	-41.33
1.790	-50.67
1.793	-55.33
1.795	-57.33
1.798	-44.00
1.800	-48.00
1.803	-38.00
1.805	-30.00
1.808	-28.67
1.810	-19.33
1.813	-30.00
1.815	-25.33
1.818	-50.00
1.820	-39.33
1.823	-33.33
1.825	-32.67
1.828	-28.00
1.830	-12.67
1.833	-26.67
1.835	-30.00
1.838	-22.67
1.840	-22.67
1.843	-22.67
1.845	-25.33
1.848	-38.00
1.850	-26.00
1.853	-25.33
1.855	-22.00
1.858	-27.33
1.860	-44.00
1.863	-64.00
1.865	-62.00
1.868	-49.33
1.870	-48.00
1.873	-40.00
1.875	-40.67
1.878	-33.33
1.880	-36.00
1.883	-30.67
1.885	-34.67
1.888	-24.00
1.890	-30.00
1.893	-25.33
1.895	-34.00
1.898	-30.67
1.900	-52.67
1.903	-46.67
1.905	-52.00
1.908	-40.00
1.910	-38.67
1.913	-38.67
1.915	-31.33
1.918	-27.33
1.920	-31.33
1.923	-28.00
1.925	-18.00
1.928	-16.67
1.930	-18.67
1.933	-14.67
1.935	-19.33
1.938	-23.33
1.940	-18.67
1.943	-52.67
1.945	-53.33
1.948	-62.67
1.950	-58.00
1.953	-52.67
1.955	-44.00
1.958	-36.00
1.960	-42.00
1.963	-44.67
1.965	-34.00
1.968	-25.33
1.970	-34.67
1.973	-18.00
1.975	-21.33
1.978	-14.67
1.980	-6.67
1.983	-10.00
1.985	-8.67
1.988	-19.33
1.990	-28.00
1.993	-30.00
1.995	-23.33
1.998	-30.67
2.000	-41.33
2.003	-38.67
2.005	-46.00
2.008	-44.00
2.010	-21.33
2.013	-26.67
2.015	-38.67
2.018	-20.67
2.020	-22.67
2.023	-15.33
2.025	-0.67
2.028	-14.00
2.030	-7.33
2.033	-8.67
2.035	-22.00
2.038	-26.67
2.040	-29.33
2.043	-26.00
2.045	-46.00
2.048	-36.67
2.050	-32.00
2.053	-26.00
2.055	-24.67
2.058	-32.67
2.060	-34.00
2.063	-43.33
2.065	-63.33
2.068	-63.33
2.070	-65.33
2.073	-70.00
2.075	-62.00
2.078	-61.33
2.080	-48.67
2.083	-50.67
2.085	-41.33
2.088	-43.33
2.090	-31.33
2.093	-26.67
2.095	-17.33
2.098	-15.33
2.100	-14.00
2.103	-21.33
2.105	-28.67
2.108	-26.67
2.110	-18.67
2.113	-18.00
2.115	-18.00
2.118	-32.67
2.120	-30.00
2.123	-30.00
2.125	-18.00
2.128	-16.00
2.130	-6.00
2.133	-4.00
2.135	-4.00
2.138	-7.33
2.140	0.00
2.143	-14.00
2.145	-24.67
2.148	-51.33
2.150	-61.33
2.153	-66.00
2.155	-66.67
2.158	-58.00
2.160	-61.33
2.163	-47.33
2.165	-43.33
2.168	-36.00
2.170	-30.67
2.173	-29.33
2.175	-22.00
2.178	-18.00
2.180	-8.67
2.183	-12.00
2.185	-12.67
2.188	-10.00
2.190	-22.00
2.193	-30.00
2.195	-36.00
2.198	-40.00
2.200	-42.00
2.203	-40.00
2.205	-34.00
2.208	-24.67
2.210	-24.00
2.213	-15.33
2.215	-24.00
2.218	-25.33
2.220	-22.67
2.223	-17.33
2.225	-10.67
2.228	-12.67
2.230	-15.33
2.233	-17.33
2.235	-22.00
2.238	-38.00
2.240	-52.00
2.243	-42.67
2.245	-38.00
2.248	-32.67
2.250	-25.33
2.253	-14.67
2.255	-10.67
2.258	-6.00
2.260	1.33
2.263	-4.67
2.265	-14.67
2.268	-9.33
2.270	-16.67
2.273	-18.00
2.275	-42.67
2.278	-38.00
2.280	-40.67
2.283	-45.33
2.285	-38.00
2.288	-30.67
2.290	-30.00
2.293	-15.33
2.295	-14.67
2.298	-2.67
2.300	-3.33
2.303	-8.67
2.305	-8.00
2.308	-13.33
2.310	-25.33
2.313	-31.33
2.315	-34.00
2.318	-34.67
2.320	-35.33
2.323	-24.67
2.325	-19.33
2.328	-27.33
2.330	-27.33
2.333	-19.33
2.335	-10.67
2.338	-4.00
2.340	2.00
2.343	-6.67
2.345	-9.33
2.348	-1.33
2.350	-23.33
2.353	-32.67
2.355	-38.00
2.358	-48.67
2.360	-46.00
2.363	-35.33
2.365	-42.67
2.368	-26.67
2.370	-32.67
2.373	-26.67
2.375	-10.67
2.378	-10.00
2.380	-9.33
2.383	-0.67
2.385	-6.67
2.388	-16.67
2.390	-20.67
2.393	-24.67
2.395	-12.00
2.398	-15.33
2.400	-16.67
2.403	-29.33
2.405	-30.67
2.408	-12.00
2.410	-4.00
2.413	-9.33
2.415	-9.33
2.418	-6.67
2.420	-8.00
2.423	-20.00
2.425	-17.33
2.428	-28.67
2.430	-46.67
2.433	-62.67
2.435	-57.33
2.438	-60.67
2.440	-52.00
2.443	-51.33
2.445	-48.00
2.448	-45.33
2.450	-33.33
2.453	-30.67
2.455	-14.67
2.458	-10.67
2.460	-10.67
2.463	1.33
2.465	-1.33
2.468	-5.33
2.470	-6.00
2.473	-13.33
2.475	-22.67
2.478	-31.33
2.480	-31.33
2.483	-48.67
2.485	-50.67
2.488	-62.00
2.490	-40.00
2.493	-28.00
2.495	-26.00
2.498	-13.33
2.500	3.33
2.503	-8.08
2.505	-16.83
2.508	-12.92
2.510	-28.33
2.513	-35.75
2.515	-44.50
2.518	-59.92
2.520	-60.67
2.523	-56.08
2.525	-60.83
2.528	-54.25
2.530	-45.00
2.533	-47.75
2.535	-34.50
2.538	-35.25
2.540	-28.00
2.543	-9.42
2.545	-4.17
2.548	1.75
2.550	-0.33
2.553	-5.08
2.555	-15.17
2.558	-12.58
2.560	-11.33
2.563	-12.08
2.565	-28.83
2.568	-22.25
2.570	-18.33
2.573	-18.42
2.575	-14.50
2.578	-8.58
2.580	-2.67
2.583	-4.75
2.585	1.83
2.588	-5.58
2.590	-16.33
2.593	-17.75
2.595	-19.17
2.598	-37.25
2.600	-48.00
2.603	-45.42
2.605	-42.17
2.608	-44.92
2.610	-29.67
2.613	-31.08
2.615	-17.83
2.618	-18.58
2.620	-6.67
2.623	-4.75
2.625	-9.50
2.628	-6.25
2.630	-4.33
2.633	-18.42
2.635	-19.17
2.638	-21.25
2.640	-33.33
2.643	-37.42
2.645	-45.50
2.648	-35.58
2.650	-23.67
2.653	-17.08
2.655	-13.17
2.658	0.75
2.660	-5.33
2.663	6.58
2.665	-6.83
2.668	-6.25
2.670	-3.00
2.673	-3.75
2.675	-5.17
2.678	-14.58
2.680	-15.33
2.683	-26.75
2.685	-36.17
2.688	-40.92
2.690	-31.67
2.693	-26.42
2.695	-31.83
2.698	-29.25
2.700	-32.00
2.703	-23.42
2.705	-44.17
2.708	-42.25
2.710	-38.33
2.713	-42.42
2.715	-49.83
2.718	-45.25
2.720	-45.33
2.723	-43.42
2.725	-36.17
2.728	-32.92
2.730	-23.67
2.733	-18.42
2.735	-10.50
2.738	-0.58
2.740	-4.67
2.743	4.58
2.745	-2.83
2.748	1.08
2.750	-1.67
2.753	-7.08
2.755	-5.83
2.758	-3.92
2.760	-11.33
2.763	-9.42
2.765	-9.50
2.768	-3.58
2.770	-2.33
2.773	-12.42
2.775	-14.50
2.778	-9.25
2.780	-6.00
2.783	-4.75
2.785	-6.83
2.788	-10.25
2.790	-8.33
2.793	-11.75
2.795	-21.83
2.798	-21.25
2.800	-28.00
2.803	-44.08
2.805	-46.83
2.808	-43.58
2.810	-38.33
2.813	-39.08
2.815	-37.17
2.818	-25.25
2.820	-20.67
2.823	-12.75
2.825	-5.50
2.828	-3.58
2.830	-6.33
2.833	-3.08
2.835	-7.17
2.838	-13.92
2.840	-18.67
2.843	-24.08
2.845	-21.50
2.848	-29.58
2.850	-23.00
2.853	-24.42
2.855	-25.83
2.858	-18.58
2.860	-9.33
2.863	-13.42
2.865	-21.50
2.868	-17.58
2.870	-17.00
2.873	-12.42
2.875	-12.50
2.878	-28.58
2.880	-29.33
2.883	-27.42
2.885	-30.83
2.888	-28.25
2.890	-30.33
2.893	-20.42
2.895	-17.17
2.898	-7.25
2.900	-12.67
2.903	-12.08
2.905	-19.50
2.908	-16.92
2.910	-16.33
2.913	-18.42
2.915	-31.17
2.918	-25.92
2.920	-32.67
2.923	-32.08
2.925	-32.17
2.928	-20.92
2.930	-27.67
2.933	-33.08
2.935	-19.83
2.938	-11.25
2.940	-5.33
2.943	3.92
2.945	3.83
2.948	-3.58
2.950	5.00
2.953	5.58
2.955	-10.50
2.958	-15.25
2.960	-5.33
2.963	-12.08
2.965	-10.83
2.968	-23.58
2.970	-20.33
2.973	-22.42
2.975	-32.50
2.978	-29.25
2.980	-30.67
2.983	-18.08
2.985	-5.50
2.988	-10.92
2.990	-13.00
2.993	-15.08
2.995	-14.50
2.998	-15.92
3.000	-25.33
3.005	-30.83
3.010	-32.33
3.015	-36.50
3.020	-34.67
3.025	-23.50
3.030	-11.00
3.035	-8.50
3.040	-18.00
3.045	-23.50
3.050	-25.00
3.055	-12.50
3.060	0.00
3.065	-6.83
3.070	-9.67
3.075	-10.50
3.080	-10.00
3.085	-0.17
3.090	-16.33
3.095	-16.50
3.100	-10.00
3.105	-8.83
3.110	-13.67
3.115	-19.83
3.120	-22.67
3.125	-28.17
3.130	-31.00
3.135	-35.83
3.140	-31.33
3.145	-29.50
3.150	-17.00
3.155	-3.17
3.160	-7.33
3.165	-9.50
3.170	-16.33
3.175	-19.83
3.180	-18.00
3.185	-12.83
3.190	-4.33
3.195	-13.83
3.200	-9.33
3.205	-8.17
3.210	-9.67
3.215	-21.83
3.220	-17.33
3.225	-22.83
3.230	-17.67
3.235	-25.17
3.240	-12.00
3.245	-12.17
3.250	-11.67
3.255	-21.17
3.260	-20.67
3.265	-31.50
3.270	-28.33
3.275	-32.50
3.280	-28.00
3.285	-37.50
3.290	-54.33
3.295	-60.50
3.300	-58.67
3.305	-39.50
3.310	-36.33
3.315	-26.50
3.320	-18.67
3.325	-25.50
3.330	-26.33
3.335	-29.17
3.340	-40.00
3.345	-33.50
3.350	-25.00
3.355	-27.83
3.360	-24.67
3.365	-20.83
3.370	-23.67
3.375	-37.17
3.380	-37.33
3.385	-30.83
3.390	-25.00
3.395	-19.83
3.400	-23.33
3.405	-24.17
3.410	-20.33
3.415	-14.50
3.420	-22.00
3.425	-28.83
3.430	-23.00
3.435	-9.17
3.440	-9.33
3.445	-18.83
3.450	-24.33
3.455	-18.50
3.460	-21.33
3.465	-32.17
3.470	-23.00
3.475	-11.83
3.480	-10.00
3.485	-17.50
3.490	-16.33
3.495	-21.83
3.500	-13.33
3.505	-14.67
3.510	-16.00
3.515	-20.67
3.520	-25.33
3.525	-30.00
3.530	-27.33
3.535	-18.67
3.540	-12.67
3.545	-18.67
3.550	-25.33
3.555	-26.00
3.560	-27.33
3.565	-21.33
3.570	-10.67
3.575	-14.00
3.580	-30.00
3.585	-28.67
3.590	-28.00
3.595	-17.33
3.600	-18.00
3.605	-24.00
3.610	-13.33
3.615	-20.67
3.620	-31.33
3.625	-40.00
3.630	-45.33
3.635	-37.33
3.640	-21.33
3.645	-16.67
3.650	-15.33
3.655	-27.33
3.660	-30.00
3.665	-44.67
3.670	-48.00
3.675	-32.00
3.680	-21.33
3.685	-16.67
3.690	-12.67
3.695	-19.33
3.700	-21.33
3.705	-24.67
3.710	-36.67
3.715	-37.33
3.720	-16.00
3.725	-6.67
3.730	-18.00
3.735	-13.33
3.740	-15.33
3.745	-31.33
3.750	-23.33
3.755	-16.67
3.760	-13.33
3.765	-10.67
3.770	-24.00
3.775	-23.33
3.780	-21.33
3.785	-16.00
3.790	-22.00
3.795	-32.00
3.800	-18.00
3.805	-24.67
3.810	-21.33
3.815	-18.00
3.820	-17.33
3.825	-32.67
3.830	-35.33
3.835	-21.33
3.840	-8.67
3.845	-10.00
3.850	-11.33
3.855	-10.67
3.860	-10.67
3.865	-29.33
3.870	-28.67
3.875	-34.67
3.880	-18.67
3.885	-14.67
3.890	-10.67
3.895	-22.00
3.900	-12.67
3.905	-12.67
3.910	-9.33
3.915	-22.67
3.920	-23.33
3.925	-12.00
3.930	-10.67
3.935	-6.67
3.940	-16.00
3.945	-20.67
3.950	-19.33
3.955	-11.33
3.960	-10.67
3.965	-14.00
3.970	-18.67
3.975	-18.67
3.980	-22.00
3.985	-22.00
3.990	-34.00
3.995	-38.00
4.000	-33.33
4.005	-28.67
4.010	-15.33
4.015	-14.67
4.020	-22.67
4.025	-19.33
4.030	-26.00
4.035	-29.33
4.040	-31.33
4.045	-28.67
4.050	-22.00
4.055	-22.00
4.060	-24.67
4.065	-18.67
4.070	-23.33
4.075	-19.33
4.080	-18.67
4.085	-20.00
4.090	-22.67
4.095	-22.67
4.100	-9.33
4.105	-10.00
4.110	-9.33
4.115	-12.00
4.120	-14.00
4.125	-18.00
4.130	-6.00
4.135	-16.67
4.140	-12.67
4.145	-16.67
4.150	-25.33
4.155	-28.67
4.160	-25.33
4.165	-18.00
4.170	-22.00
4.175	-17.33
4.180	-9.33
4.185	-8.67
4.190	-14.67
4.195	-20.67
4.200	-25.33
4.205	-20.67
4.210	-18.00
4.215	-8.00
4.220	-18.00
4.225	-16.67
4.230	-12.00
4.235	-20.00
4.240	-20.00
4.245	-22.00
4.250	-17.33
4.255	-24.67
4.260	-14.67
4.265	-15.33
4.270	-10.00
4.275	-22.00
4.280	-11.33
4.285	-14.67
4.290	-19.33
4.295	-20.00
4.300	-20.67
4.305	-10.00
4.310	-8.67
4.315	-8.00
4.320	-7.33
4.325	-6.67
4.330	-18.00
4.335	-8.00
4.340	0.00
4.345	-9.33
4.350	-7.33
4.355	-10.67
4.360	-20.00
4.365	-22.67
4.370	-14.67
4.375	-10.67
4.380	-16.67
4.385	-2.00
4.390	-6.67
4.395	-14.00
4.400	-17.33
4.405	-23.33
4.410	-20.00
4.415	-26.67
4.420	-16.00
4.425	-14.00
4.430	-10.00
4.435	-12.67
4.440	-10.00
4.445	-11.33
4.450	-20.00
4.455	-14.67
4.460	-8.00
4.465	-8.00
4.470	-9.33
4.475	-8.67
4.480	-14.67
4.485	-12.67
4.490	-24.67
4.495	-24.67
4.500	-26.00
4.505	-22.67
4.510	-13.33
4.515	-17.33
4.520	-4.00
4.525	-18.67
4.530	-20.67
4.535	-24.00
4.540	-9.33
4.545	-5.33
4.550	-10.00
4.555	-11.33
4.560	-19.33
4.565	-13.33
4.570	-16.67
4.575	-28.67
4.580	-25.33
4.585	-24.67
4.590	-18.00
4.595	-18.00
4.600	-16.67
4.605	-24.00
4.610	-27.33
4.615	-21.33
4.620	-20.67
4.625	-18.67
4.630	-19.33
4.635	-14.67
4.640	-14.67
4.645	-13.33
4.650	-24.00
4.655	-26.67
4.660	-10.00
4.665	-16.00
4.670	-8.67
4.675	-12.67
4.680	-8.67
4.685	-22.00
4.690	-29.33
4.695	-23.33
4.700	-26.67
4.705	-16.00
4.710	-12.67
4.715	-20.00
4.720	-14.67
4.725	-26.67
4.730	-27.33
4.735	-24.00
4.740	-12.00
4.745	-15.33
4.750	-20.67
4.755	-8.67
4.760	-12.67
4.765	-18.00
4.770	-31.33
4.775	-29.33
4.780	-18.00
4.785	-17.33
4.790	-13.33
4.795	-15.33
4.800	-17.33
4.805	-17.33
4.810	-28.00
4.815	-28.00
4.820	-20.00
4.825	-6.67
4.830	-8.00
4.835	-15.33
4.840	-20.67
4.845	-34.00
4.850	-38.00
4.855	-23.33
4.860	-22.00
4.865	-16.67
4.870	-10.00
4.875	-8.67
4.880	-12.00
4.885	-30.00
4.890	-36.00
4.895	-38.00
4.900	-28.00
4.905	-20.00
4.910	-8.00
4.915	-8.00
4.920	-15.33
4.925	-2.67
4.930	-12.00
4.935	-20.00
4.940	-22.67
4.945	-20.00
4.950	-21.33
4.955	-7.33
4.960	-8.67
4.965	-12.00
4.970	-13.33
4.975	-14.00
4.980	-29.33
4.985	-14.67
4.990	-0.67
4.995	-8.00
5.000	-4.00
5.005	-14.67
5.010	-14.00
5.015	-9.33
5.020	-0.67
5.025	-0.67
5.030	-2.67
5.035	-4.00
5.040	-22.00
5.045	-29.33
5.050	-20.67
5.055	-22.00
5.060	-8.00
5.065	-11.33
5.070	-13.33
5.075	2.67
5.080	-3.33
5.085	-5.33
5.090	4.67
5.095	-10.00
5.100	-18.00
5.105	-20.67
5.110	-12.67
5.115	-8.67
5.120	-4.67
5.125	0.67
5.130	3.33
5.135	5.33
5.140	-14.00
5.145	-11.33
5.150	-10.67
5.155	-12.00
5.160	-6.00
5.165	-14.67
5.170	-19.33
5.175	-32.00
5.180	-25.33
5.185	-19.33
5.190	-18.00
5.195	-6.00
5.200	-8.67
5.205	-18.00
5.210	-15.33
5.215	-9.33
5.220	-7.33
5.225	-13.33
5.230	-16.67
5.235	-2.67
5.240	-12.67
5.245	-16.00
5.250	-22.00
5.255	-24.00
5.260	-18.67
5.265	-16.67
5.270	-4.67
5.275	-10.67
5.280	-10.67
5.285	-4.67
5.290	-12.67
5.295	-16.00
5.300	-12.00
5.305	-4.00
5.310	-4.00
5.315	-7.33
5.320	-12.00
5.325	3.50
5.330	8.33
5.335	9.09
5.340	5.77
5.345	1.81
5.350	4.16
5.355	12.79
5.360	16.42
5.365	12.33
5.370	2.67
5.375	-3.34
5.380	-2.92
5.385	-1.86
5.390	1.61
5.395	3.16
5.400	6.67
5.405	6.42
5.410	4.70
5.415	1.54
5.420	0.16
5.425	1.32
5.430	2.99
5.435	6.28
5.440	8.60
5.445	7.43
5.450	3.09
5.455	-0.13
5.460	-0.81
5.465	5.60
5.470	9.28
5.475	10.12
5.480	3.38
5.485	1.44
5.490	0.59
5.495	-0.60
5.500	-13.74
5.505	-19.32
5.510	-16.42
5.515	-8.28
5.520	-6.75
5.525	-11.60
5.530	-12.55
5.535	-14.03
5.540	-14.94
5.545	-13.96
5.550	-8.32
5.555	-2.43
5.560	2.43
5.565	7.14
5.570	7.02
5.575	1.93
5.580	-2.30
5.585	-6.75
5.590	-7.38
5.595	-11.26
5.600	-9.27
5.605	-6.80
5.610	-3.86
5.615	-5.54
5.620	-9.59
5.625	-11.46
5.630	-8.02
5.635	-5.24
5.640	-2.10
5.645	-1.75
5.650	0.46
5.655	-0.04
5.660	3.14
5.665	2.85
5.670	-0.51
5.675	-5.39
5.680	-6.68
5.685	-0.53
5.690	4.42
5.695	4.03
5.700	-4.43
5.705	-12.71
5.710	-12.85
5.715	-5.14
5.720	-1.51
5.725	-0.70
5.730	-6.04
5.735	-13.47
5.740	-23.95
5.745	-30.49
5.750	-33.97
5.755	-32.82
5.760	-27.94
5.765	-16.41
5.770	-6.76
5.775	-1.78
5.780	-0.84
5.785	-9.98
5.790	-17.45
5.795	-20.66
5.800	-10.31
5.805	-4.32
5.810	-2.87
5.815	-4.72
5.820	-3.37
5.825	-3.81
5.830	-10.89
5.835	-18.76
5.840	-18.88
5.845	-12.20
5.850	-4.72
5.855	-5.79
5.860	-6.50
5.865	-10.32
5.870	-9.58
5.875	-8.90
5.880	-2.78
5.885	-1.51
5.890	2.05
5.895	-0.19
5.900	-4.55
5.905	-8.53
5.910	-9.97
5.915	-4.76
5.920	-4.69
5.925	-3.40
5.930	-2.00
5.935	5.14
5.940	4.29
5.945	0.82
5.950	-8.31
5.955	-10.44
5.960	-11.90
5.965	-9.69
5.970	-8.30
5.975	-6.07
5.980	-3.96
5.985	-2.68
5.990	-4.26
5.995	-12.76
6.000	-17.43
6.005	-17.20
6.010	-10.26
6.015	-4.67
6.020	-6.38
6.025	-6.79
6.030	-11.26
6.035	-13.50
6.040	-16.64
6.045	-13.29
6.050	-9.56
6.055	-6.44
6.060	-7.11
6.065	-7.11
6.070	-11.33
6.075	-19.78
6.080	-17.75
6.085	-10.06
6.090	-0.80
6.095	-0.87
6.100	-1.68
6.105	-6.94
6.110	-13.61
6.115	-20.37
6.120	-17.81
6.125	-8.19
6.130	-6.33
6.135	-3.47
6.140	-6.76
6.145	-4.01
6.150	-6.19
6.155	-7.64
6.160	-2.22
6.165	-1.11
6.170	-1.57
6.175	-7.22
6.180	-6.41
6.185	-3.59
6.190	-2.67
6.195	-9.32
6.200	-14.70
6.205	-14.85
6.210	-8.97
6.215	-3.19
6.220	-1.17
6.225	-2.58
6.230	-7.33
6.235	-16.33
6.240	-17.72
6.245	-14.30
6.250	-7.45
6.255	-5.05
6.260	-3.21
6.265	-3.07
6.270	-5.01
6.275	-6.43
6.280	-6.52
6.285	-5.12
6.290	-1.33
6.295	0.82
6.300	1.59
6.305	-3.01
6.310	-3.90
6.315	-3.17
6.320	-2.67
6.325	-4.67
6.330	-7.13
6.335	-7.90
6.340	-5.69
6.345	0.80
6.350	5.61
6.355	8.35
6.360	2.89
6.365	-1.64
6.370	-4.53
6.375	-0.73
6.380	4.10
6.385	3.01
6.390	1.62
6.395	-2.20
6.400	-3.91
6.405	-3.72
6.410	-2.30
6.415	1.81
6.420	3.57
6.425	4.63
6.430	3.47
6.435	2.22
6.440	-2.19
6.445	-6.27
6.450	-7.35
6.455	-6.13
6.460	-2.76
6.465	-4.17
6.470	-3.52
6.475	-4.38
6.480	-4.63
6.485	-3.74
6.490	-4.70
6.495	-5.02
6.500	-7.96
6.505	-9.39
6.510	-6.75
6.515	-5.03
6.520	-4.94
6.525	-5.34
6.530	-3.57
6.535	-1.22
6.540	-5.87
6.545	-8.99
6.550	-9.10
6.555	-6.52
6.560	-6.60
6.565	-7.42
6.570	-6.60
6.575	-5.31
6.580	-4.88
6.585	-3.01
6.590	-3.57
6.595	-5.41
6.600	-8.52
6.605	-7.70
6.610	-7.04
6.615	-4.81
6.620	-3.78
6.625	-0.07
6.630	3.48
6.635	3.14
6.640	-2.10
6.645	-9.22
6.650	-10.09
6.655	-8.08
6.660	-3.74
6.665	-5.35
6.670	-5.94
6.675	-8.09
6.680	-7.38
6.685	-7.49
6.690	-7.64
6.695	-6.46
6.700	-3.00
6.705	-0.41
6.710	-0.99
6.715	-1.92
6.720	-3.45
6.725	-1.98
6.730	-4.79
6.735	-5.00
6.740	-5.40
6.745	-1.71
6.750	2.87
6.755	8.35
6.760	9.33
6.765	5.90
6.770	0.74
6.775	-2.46
6.780	-6.20
6.785	-6.68
6.790	-4.97
6.795	-4.27
6.800	-5.40
6.805	-7.46
6.810	-5.48
6.815	-0.61
6.820	0.42
6.825	1.39
6.830	-3.16
6.835	0.10
6.840	1.52
6.845	1.39
6.850	-7.20
6.855	-12.98
6.860	-15.02
6.865	-9.79
6.870	-1.57
6.875	-0.43
6.880	-1.22
6.885	-8.53
6.890	-9.33
6.895	-13.59
6.900	-10.57
6.905	-9.92
6.910	-4.90
6.915	-3.89
6.920	0.11
6.925	1.09
6.930	-1.80
6.935	-5.95
6.940	-8.59
6.945	-10.00
6.950	-7.23
6.955	-2.22
6.960	4.61
6.965	6.67
6.970	3.01
6.975	-0.07
6.980	-3.58
6.985	-1.33
6.990	-0.60
6.995	4.07
7.000	2.45
7.005	-1.42
7.010	-7.11
7.015	-7.32
7.020	-6.47
7.025	-6.51
7.030	-10.27
7.035	-9.91
7.040	-6.69
7.045	-7.85
7.050	-8.00
7.055	-10.31
7.060	-6.13
7.065	-3.73
7.070	-1.42
7.075	0.90
7.080	2.73
7.085	2.52
7.090	-1.02
7.095	-7.22
7.100	-11.17
7.105	-9.40
7.110	-4.65
7.115	-1.35
7.120	-1.57
7.125	-4.66
7.130	-7.74
7.135	-9.72
7.140	-10.67
7.145	-7.90
7.150	-4.05
7.155	-0.56
7.160	3.02
7.165	3.68
7.170	1.26
7.175	-5.21
7.180	-10.86
7.185	-9.86
7.190	-4.02
7.195	3.77
7.200	9.01
7.205	9.04
7.210	7.27
7.215	1.64
7.220	-3.58
7.225	-6.59
7.230	-6.37
7.235	-3.77
7.240	0.99
7.245	3.52
7.250	3.95
7.255	-2.49
7.260	-6.27
7.265	-7.78
7.270	-4.89
7.275	-1.00
7.280	0.60
7.285	-0.10
7.290	-3.03
7.295	-4.84
7.300	-5.03
7.305	-4.32
7.310	-1.41
7.315	1.69
7.320	5.57
7.325	5.92
7.330	3.67
7.335	-1.22
7.340	-6.38
7.345	-6.38
7.350	-4.16
7.355	0.74
7.360	3.90
7.365	4.57
7.370	4.02
7.375	1.75
7.380	-0.13
7.385	-1.82
7.390	-2.62
7.395	-3.41
7.400	-4.67
7.405	-6.42
7.410	-5.62
7.415	-3.32
7.420	-0.07
7.425	3.32
7.430	6.20
7.435	5.77
7.440	2.02
7.445	-3.43
7.450	-6.61
7.455	-8.96
7.460	-11.23
7.465	-12.83
7.470	-13.08
7.475	-11.64
7.480	-10.91
7.485	-9.71
7.490	-10.83
7.495	-11.41
7.500	-10.63
7.505	-7.25
7.510	-3.78
7.515	-1.34
7.520	1.09
7.525	3.22
7.530	3.49
7.535	1.97
7.540	-0.35
7.545	-1.95
7.550	-4.00
7.555	-3.81
7.560	-4.27
7.565	-2.85
7.570	-3.92
7.575	-3.44
7.580	-6.41
7.585	-6.81
7.590	-8.34
7.595	-8.66
7.600	-8.92
7.605	-7.51
7.610	-1.91
7.615	0.68
7.620	-1.25
7.625	-6.27
7.630	-12.48
7.635	-14.50
7.640	-17.01
7.645	-15.17
7.650	-12.73
7.655	-7.05
7.660	-2.19
7.665	0.72
7.670	-0.87
7.675	-3.37
7.680	-7.37
7.685	-8.75
7.690	-12.47
7.695	-11.09
7.700	-9.70
7.705	-5.91
7.710	-2.36
7.715	-0.41
7.720	0.48
7.725	1.48
7.730	-1.50
7.735	-3.84
7.740	-8.82
7.745	-7.38
7.750	-2.59
7.755	-0.90
7.760	-0.59
7.765	-5.31
7.770	-4.21
7.775	-2.77
7.780	1.86
7.785	2.15
7.790	-0.72
7.795	-8.73
7.800	-12.08
7.805	-15.15
7.810	-11.26
7.815	-10.45
7.820	-7.16
7.825	-5.71
7.830	-5.16
7.835	-5.32
7.840	-7.02
7.845	-6.99
7.850	-5.85
7.855	-5.21
7.860	-2.87
7.865	2.47
7.870	6.33
7.875	2.89
7.880	-3.02
7.885	-8.47
7.890	-10.70
7.895	-10.07
7.900	-6.99
7.905	-1.88
7.910	-0.56
7.915	-1.80
7.920	-4.29
7.925	-5.70
7.930	-5.01
7.935	-3.81
7.940	-4.95
7.945	-4.58
7.950	-1.77
7.955	-0.95
7.960	-0.89
7.965	-0.77
7.970	-0.67
7.975	-2.10
7.980	-6.78
7.985	-8.96
7.990	-10.16
7.995	-10.26
8.000	-8.83
8.005	-4.13
8.010	-1.25
8.015	-3.23
8.020	-7.63
8.025	-9.69
8.030	-8.32
8.035	-7.68
8.040	-6.26
8.045	-2.32
8.050	1.10
8.055	0.37
8.060	-3.47
8.065	-8.31
8.070	-10.16
8.075	-10.35
8.080	-10.56
8.085	-10.71
8.090	-10.27
8.095	-11.84
8.100	-14.97
8.105	-17.24
8.110	-16.24
8.115	-14.13
8.120	-11.01
8.125	-8.09
8.130	-7.45
8.135	-13.62
8.140	-18.97
8.145	-20.22
8.150	-19.49
8.155	-15.64
8.160	-15.87
8.165	-11.51
8.170	-11.03
8.175	-7.78
8.180	-6.04
8.185	-2.82
8.190	2.54
8.195	1.88
8.200	2.62
8.205	-0.75
8.210	2.15
8.215	-1.56
8.220	-0.89
8.225	-3.25
8.230	4.23
8.235	1.26
8.240	5.47
8.245	0.82
8.250	5.50
8.255	6.16
8.260	8.22
8.265	8.74
8.270	5.97
8.275	-2.33
8.280	-5.47
8.285	-10.48
8.290	-2.70
8.295	-4.89
8.300	1.11
8.305	-0.22
8.310	6.89
8.315	8.18
8.320	13.44
8.325	13.66
8.330	11.04
8.335	9.36
8.340	4.25
8.345	5.65
8.350	4.07
8.355	10.30
8.360	12.74
8.365	15.70
8.370	15.41
8.375	14.89
8.380	11.70
8.385	7.93
8.390	5.19
8.395	3.56
8.400	2.07
8.405	3.63
8.410	4.22
8.415	7.41
8.420	9.63
8.425	10.00
8.430	8.22
8.435	5.41
8.440	5.93
8.445	7.63
8.450	7.41
8.455	6.15
8.460	0.26
8.465	-3.37
8.470	-5.07
8.475	2.59
8.480	5.26
8.485	8.15
8.490	3.78
8.495	2.74
8.500	-3.04
8.505	-2.59
8.510	1.30
8.515	5.59
8.520	6.63
8.525	-2.37
8.530	2.72
8.535	2.59
8.540	10.53
8.545	8.47
8.550	9.05
8.555	8.15
8.560	6.81
8.565	7.48
8.570	11.33
8.575	10.00
8.580	10.15
8.585	5.85
8.590	10.54
8.595	12.62
8.600	14.84
8.605	12.37
8.610	9.46
8.615	8.88
8.620	8.41
8.625	7.06
8.630	4.97
8.635	2.81
8.640	2.12
8.645	1.81
8.650	1.40
8.655	0.72
8.660	-1.11
8.665	-2.63
8.670	-2.93
8.675	-1.13
8.680	-1.06
8.685	-4.65
8.690	-12.69
8.695	-16.07
8.700	-14.50
8.705	-8.36
8.710	-3.85
8.715	-1.62
8.720	-0.39
8.725	1.19
8.730	3.14
8.735	7.48
8.740	9.26
8.745	7.70
8.750	6.59
8.755	6.76
8.760	9.03
8.765	9.77
8.770	5.86
8.775	4.86
8.780	2.71
8.785	7.02
8.790	14.20
8.795	16.35
8.800	20.00
8.805	14.41
8.810	16.41
8.815	9.08
8.820	9.97
8.825	7.82
8.830	11.15
8.835	11.85
8.840	6.00
8.845	5.78
8.850	1.89
8.855	6.26
8.860	6.70
8.865	3.93
8.870	3.86
8.875	6.35
8.880	11.83
8.885	13.31
8.890	8.81
8.895	6.74
8.900	4.67
8.905	5.78
8.910	7.93
8.915	12.44
8.920	15.26
8.925	19.33
8.930	21.11
8.935	20.96
8.940	10.06
8.945	-0.27
8.950	-7.67
8.955	-5.52
8.960	-3.38
8.965	-1.24
8.970	0.90
8.975	3.05
8.980	5.19
8.985	7.33
8.990	9.48
8.995	10.03
9.000	9.76
9.7	-5.8
9.8	-5.6
9.9	-5.4
10.0	-5.2
10.1	-5.0
10.2	-4.8
10.3	-4.6
10.4	-10.0
10.5	-18.0
10.6	-26.0
10.7	-30.0
10.8	-32.0
10.9	-32.0
11.0	-30.0
11.1	-26.0
11.2	-20.0
11.3	-10.0
11.4	0.0
11.5	5.9
11.6	10.4
11.7	13.3
11.8	15.3
11.9	5.4
12.0	5.4
12.1	4.1
12.2	-3.3
12.3	-3.5
12.4	-1.9
12.5	-0.4
12.6	-13.0
12.7	7.3
12.8	2.5
12.9	2.5
13.0	4.0
13.1	5.6
13.2	7.2
13.3	9.1
13.4	5.8
13.5	9.1
13.6	12.3
13.7	15.7
13.8	19.8
13.9	20.9
14.0	22.9
14.1	24.9
14.2	26.8
14.3	17.0
14.4	15.1
14.5	14.1
14.6	13.0
14.7	12.0
14.8	8.0
14.9	-10.0
15.0	-17.0
15.1	-19.0
15.2	-19.0
15.3	-17.0
15.4	-10.0
15.5	0.0
15.6	5.8
15.7	6.0
15.8	8.6
15.8	9.3
15.9	6.5
16.0	2.9
16.1	-13.0
16.2	-17.0
16.3	-13.0
16.4	4.5
16.5	4.1
16.6	4.4
16.7	3.8
16.8	-1.1
16.9	4.1
16.9	3.5
17.0	3.8
17.1	2.3
17.2	1.9
17.3	1.6
17.4	2.8
17.5	2.6
17.6	-14.6
17.7	-25.0
17.8	-25.0
17.9	-14.0
18.0	-3.0
18.0	0.8
18.1	0.8
18.2	0.7
18.3	0.7
18.4	0.7
18.5	0.7
18.6	0.6
18.7	0.6
18.8	0.6
18.9	0.5
19.0	0.5
19.1	0.5
19.1	-1.3
19.2	-2.1
19.3	-2.8
19.4	0.2
19.5	-4.4
19.6	-0.9
19.7	3.6
19.8	8.8
19.9	3.8
20.0	5.2
20.1	-4.2
20.2	14.5
20.3	10.1
20.4	13.6
20.4	13.1
20.5	12.7
20.6	12.2
20.7	39.8
20.8	-12.0
20.9	7.5
21.0	8.1
21.1	0.0
21.2	-15.0
21.3	-25.0
21.4	-33.0
21.5	-38.0
21.6	-41.0
21.7	-42.0
21.8	-42.0
21.9	-41.0
22.0	-38.0
22.0	-32.0
22.1	-25.0
22.2	-10.6
22.3	-3.7
22.4	3.2
22.5	10.1
22.6	17.0
22.7	10.0
22.8	9.9
22.9	4.1
23.0	3.0
23.1	2.8
23.2	2.7
23.3	-1.4
23.4	-18.4
23.5	-31.1
23.5	-23.5
23.6	-5.6
23.7	-6.7
23.8	-7.9
23.9	-28.9
24.0	17.9
24.1	16.6
24.2	6.9
24.3	-2.1
24.4	-11.1
24.5	-2.0
24.6	7.1
24.7	6.3
24.8	5.5
24.9	-22.0
25.1	-7.0
25.2	-5.0
25.3	-2.9
25.4	-0.9
25.5	1.2
25.6	15.6
25.7	30.1
25.8	28.1
25.9	7.7
26.1	43.8
26.2	23.4
26.3	7.5
26.4	-9.6
26.5	-22.0
26.6	2.8
26.7	-5.5
26.8	22.8
27.0	21.1
27.1	19.4
27.2	0.3
27.3	-18.7
27.4	-19.4
27.5	-21.4
27.6	-30.0
27.7	-30.0
27.8	-22.0
28.0	24.5
28.1	23.9
28.2	23.4
28.3	24.1
28.4	23.6
28.5	10.6
28.6	-2.4
28.7	12.8
28.9	8.7
29.0	3.1
29.1	-2.4
29.2	-3.8
29.3	-12.0
29.4	-20.0
29.5	-22.0
29.6	-20.0
29.7	-12.0
29.9	0.0
30.0	9.2
30.1	8.8
30.2	8.4
30.3	8.1
30.4	10.6
30.5	13.1
30.6	15.7
30.7	18.2
30.9	20.8
31.0	21.3
31.1	16.5
31.2	16.3
31.3	16.1
31.4	15.9
31.5	15.7
31.6	15.5
31.7	0.0
31.8	-5.0
32.0	-5.0
32.1	0.0
32.2	9.7
32.3	7.2
32.4	4.7
32.5	36.0
32.6	33.4
32.7	41.5
32.8	-3.0
32.9	-3.2
33.1	-3.4
33.2	-20.0
33.3	10.9
33.4	16.2
33.5	21.6
33.6	27.0
33.7	-2.0
33.8	-20.0
33.9	-5.0
34.0	49.9
34.2	54.3
34.3	49.8
34.4	60.9
34.5	46.4
34.6	57.8
34.7	65.9
34.8	69.5
34.9	22.0
35.0	22.0
35.1	35.5
35.3	38.2
35.4	44.6
35.4	51.1
35.5	51.8
35.6	53.3
35.7	45.6
35.8	57.8
35.9	51.0
36.0	45.7
36.1	34.3
36.2	42.0
36.3	46.6
36.4	51.2
36.5	51.2
36.6	33.5
36.7	33.6
36.8	26.8
36.8	26.4
36.9	40.1
37.0	39.2
37.1	38.3
37.2	37.4
37.3	59.9
37.4	58.5
37.5	56.0
37.6	50.0
37.7	40.0
37.8	30.0
37.9	18.0
38.0	10.0
38.1	3.0
38.2	-3.0
38.2	-8.0
38.3	-12.0
38.4	-15.0
38.5	-17.0
38.6	-18.0
38.7	-18.0
38.8	-17.0
38.9	-15.0
39.0	-12.0
39.1	-8.0
39.2	-3.0
39.3	2.0
39.4	10.0
39.5	20.0
39.6	35.0
39.6	45.0
39.7	49.6
39.8	50.6
39.9	51.7
40.0	52.7
40.1	53.7
40.2	54.8
40.3	51.8
40.4	51.9
40.5	41.2
40.6	41.3
40.7	42.0
40.7	42.7
40.8	43.4
40.9	44.1
41.0	42.0
41.1	42.1
41.2	66.1
41.3	67.1
41.4	68.2
41.5	69.2
41.6	70.2
41.6	71.3
41.7	72.3
41.8	73.3
41.9	74.4
42.0	72.3
42.1	69.0
42.2	45.0
42.3	30.0
42.4	26.0
42.5	28.0
42.5	38.0
42.6	58.5
42.7	59.5
42.8	60.4
42.9	61.4
43.0	62.4
43.1	74.6
43.2	76.0
43.3	77.3
43.4	83.1
43.4	84.5
43.5	85.9
43.6	87.3
43.7	88.6
43.8	90.0
43.9	91.5
44.0	93.0
44.1	87.4
44.2	126.0
44.3	129.1
44.4	125.0
44.5	100.0
44.6	70.0
44.7	50.0
44.8	36.0
44.9	30.0
45.0	28.0
45.1	28.0
45.2	30.0
45.3	36.0
45.4	50.0
45.5	70.0
45.6	95.0
45.7	99.0
45.8	98.0
45.9	75.0
46.0	55.0
46.1	45.0
46.2	38.0
46.3	36.0
46.4	38.0
46.5	45.0
46.6	55.0
46.7	70.0
46.8	96.9
46.9	105.4
47.0	115.4
47.1	116.1
47.2	116.7
47.3	117.3
47.4	117.9
47.5	118.5
47.6	119.1
47.7	119.8
47.8	120.4
47.9	103.5
48.0	104.4
48.1	111.6
48.2	111.5
48.3	135.6
48.4	135.6
48.5	110.0
48.6	70.0
48.7	62.0
48.8	62.0
48.9	70.0
49.0	100.0
49.1	119.7
49.2	100.6
49.3	93.3
49.5	88.1
49.6	87.8
49.7	93.2
49.8	94.2
50.0	95.1
50.1	96.0
50.2	97.0
50.3	53.0
50.5	95.6
50.6	94.6
50.7	103.0
50.8	93.1
51.0	94.1
51.1	94.9
51.2	96.2
51.3	97.0
51.5	97.8
51.6	102.4
51.7	108.9
51.8	115.4
52.0	118.4
52.1	121.7
52.2	125.0
52.3	125.6
52.5	120.8
52.6	113.3
52.7	86.0
52.8	70.0
53.0	70.0
53.1	100.0
53.2	131.3
53.3	130.5
53.5	131.3
53.6	130.0
53.7	131.4
53.8	137.1
54.0	141.4
54.1	146.3
54.2	151.3
54.3	100.0
54.5	63.0
54.6	62.0
54.7	85.6
54.8	85.7
55.0	95.0
55.1	106.1
55.2	107.0
55.3	108.0
55.5	99.7
55.6	94.8
55.7	55.0
55.8	69.9
56.0	85.5
56.1	86.7
56.2	87.8
56.3	89.5
56.5	98.1
56.6	101.3
56.7	109.2
56.8	30.0
57.0	51.2
57.1	55.5
57.2	59.6
57.3	62.2
57.4	62.3
57.5	53.4
57.6	56.1
57.7	49.9
57.8	54.1
57.9	44.0
58.0	38.0
58.1	39.0
58.2	58.0
58.3	71.3
58.4	72.4
58.5	73.5
58.6	74.5
58.7	75.6
58.8	50.0
58.9	48.0
59.0	65.0
59.1	84.5
59.2	85.2
59.3	67.2
59.4	68.7
59.5	69.9
59.6	69.3
59.8	51.6
59.9	50.3
60.0	44.0
60.1	37.0
60.2	33.0
60.3	32.0
60.4	33.0
60.5	36.0
60.6	42.0
60.7	50.0
60.8	60.0
60.9	75.0
61.0	79.0
61.1	81.6
61.2	82.0
61.3	82.5
61.4	70.0
61.5	60.0
61.6	52.0
61.7	48.0
61.8	46.0
61.9	48.0
62.0	52.0
62.1	60.0
62.2	70.0
62.3	85.0
62.4	88.0
62.5	81.0
62.6	83.8
62.7	86.5
62.7	89.3
62.8	92.1
62.9	94.8
63.0	78.0
63.1	40.0
63.2	35.0
63.3	40.0
63.4	50.8
63.5	51.5
63.6	52.1
63.7	52.7
63.7	53.4
63.8	54.0
63.9	54.8
64.0	56.5
64.1	58.2
64.2	58.0
64.3	56.0
64.4	50.0
64.5	40.0
64.6	35.0
64.7	30.0
64.7	25.0
64.8	22.0
64.9	22.0
65.0	24.0
65.1	30.0
65.2	45.0
65.3	55.0
65.4	60.0
65.5	62.7
65.6	65.7
65.6	68.6
65.7	71.6
65.8	62.8
65.9	68.8
66.0	74.4
66.1	81.7
66.2	84.1
66.3	86.5
66.4	77.5
66.5	78.5
66.6	78.8
66.6	72.2
66.7	74.2
66.8	76.3
66.9	69.6
67.0	32.0
67.1	33.0
67.2	71.4
67.3	74.1
67.4	76.7
67.5	73.3
67.6	69.5
67.7	33.0
67.7	63.7
67.8	63.1
67.9	64.4
68.0	65.7
68.1	67.0
68.2	68.3
68.3	69.6
68.4	70.9
68.5	72.2
68.6	73.5
68.7	74.8
68.7	76.0
68.8	90.1
68.9	91.7
69.0	93.4
69.1	95.0
69.2	96.7
69.3	98.3
69.4	98.5
69.5	98.7
69.6	98.9
69.7	109.8
69.7	100.2
69.8	90.5
69.9	80.8
70.0	71.1
70.1	74.2
70.2	77.2
70.3	80.3
70.4	83.4
70.5	86.5
70.6	86.0
70.7	84.0
70.7	80.0
70.8	60.0
70.9	46.0
71.0	40.0
71.1	37.0
71.2	37.0
71.3	40.0
71.4	46.0
71.5	55.0
71.6	59.2
71.7	60.1
71.8	60.9
71.9	61.8
72.0	62.6
72.2	63.4
72.3	64.3
72.4	65.1
72.5	66.0
72.6	66.8
72.7	67.7
72.8	67.1
72.9	68.7
73.1	70.2
73.2	70.4
73.3	71.7
73.4	72.0
73.5	72.4
73.6	71.2
73.7	71.6
73.8	71.9
74.0	72.2
74.1	72.6
74.2	72.9
74.3	73.2
74.4	70.8
74.5	71.4
74.6	72.0
74.7	72.6
74.8	73.2
74.9	73.8
75.0	74.4
75.1	75.0
75.2	71.2
75.3	72.4
75.4	73.5
75.5	75.5
75.6	77.4
75.7	76.9
75.8	90.5
75.9	93.2
76.0	94.7
76.1	88.9
76.2	80.5
76.3	72.2
76.4	75.6
76.5	46.0
76.6	46.0
76.7	51.5
76.9	46.0
77.0	47.1
77.1	48.1
77.2	49.6
77.3	51.1
77.4	52.6
77.5	54.1
77.6	40.0
77.7	66.1
77.8	68.0
77.9	69.8
78.0	71.6
78.1	73.5
78.2	75.6
78.3	77.8
78.4	80.0
78.5	63.6
78.6	54.0
78.7	44.0
78.8	37.0
78.9	33.0
79.0	31.0
79.1	30.0
79.2	34.0
79.3	40.0
79.4	54.0
79.5	58.0
79.6	60.7
79.7	61.9
79.8	62.6
79.9	63.0
80.0	64.0
80.1	65.0
80.2	65.9
80.3	66.9
80.4	67.9
80.5	69.0
80.6	70.2
80.7	71.1
80.8	71.6
80.9	72.1
81.0	72.6
81.1	73.1
81.1	73.6
81.2	74.1
81.3	74.5
81.4	75.0
81.5	75.5
81.6	76.0
81.7	76.5
81.8	76.2
81.9	75.5
82.0	73.8
82.1	72.2
82.2	81.2
82.3	80.6
82.4	79.4
82.5	78.1
82.6	76.5
82.7	74.3
82.8	70.0
82.8	60.0
82.9	52.0
83.0	47.0
83.1	46.0
83.2	47.0
83.3	52.0
83.4	60.0
83.5	70.0
83.6	74.8
83.7	75.8
83.8	76.8
83.9	77.8
84.0	78.3
84.1	72.2
84.2	77.1
84.3	74.8
84.4	72.8
84.5	70.8
84.6	75.6
84.7	76.1
84.8	76.3
84.9	76.4
85.0	74.0
85.0	71.5
85.1	55.0
85.2	50.0
85.3	59.2
85.4	62.4
85.5	65.5
85.6	68.7
85.7	63.6
85.8	50.0
85.9	46.0
86.0	48.0
86.1	61.0
86.2	60.6
86.3	60.2
86.4	53.9
86.5	60.5
86.6	64.3
86.7	60.4
86.8	56.4
87.0	52.4
87.1	48.4
87.2	44.5
87.3	53.9
87.4	53.7
87.5	53.6
87.6	53.4
87.7	53.3
87.8	53.1
87.9	52.9
88.1	52.8
88.2	52.6
88.3	52.5
88.4	55.0
88.5	55.0
88.6	45.0
88.7	39.0
88.8	39.0
88.9	45.0
89.0	55.0
89.1	47.7
89.3	41.3
89.4	41.1
89.5	40.9
89.6	40.7
89.7	40.6
89.8	40.4
89.9	40.2
90.0	40.1
90.1	39.9
90.2	39.7
90.3	47.5
90.3	47.5
90.4	47.4
90.5	51.4
90.6	31.0
90.7	50.2
90.8	50.2
90.9	50.1
91.0	50.2
91.1	50.3
91.2	50.4
91.3	50.5
91.3	50.6
91.4	50.7
91.5	50.8
91.6	50.9
91.7	51.0
91.8	51.1
91.9	51.2
92.0	50.7
92.1	44.0
92.2	40.0
92.3	38.0
92.4	38.0
92.4	44.0
92.5	52.0
92.6	66.0
92.7	65.7
92.8	79.3
92.9	64.3
93.0	62.7
93.1	68.1
93.2	70.0
93.3	65.9
93.4	65.6
93.4	66.7
93.5	67.9
93.6	69.1
93.7	70.4
93.8	70.2
93.9	68.6
94.0	70.3
94.1	71.9
94.3	72.9
94.4	75.0
94.5	77.2
94.6	68.6
94.8	70.6
94.9	72.7
95.0	74.7
95.1	76.7
95.2	70.5
95.4	67.3
95.5	74.2
95.6	72.8
95.7	75.2
95.9	65.9
96.0	66.8
96.1	67.7
96.2	69.4
96.3	71.0
96.5	73.4
96.6	74.6
96.7	75.8
96.8	70.7
97.0	71.4
97.1	72.0
97.2	72.7
97.3	73.4
97.4	61.0
97.6	52.0
97.7	49.0
97.8	51.0
97.9	55.0
98.1	60.7
98.2	58.6
98.3	58.0
98.4	57.8
98.5	54.8
98.7	54.9
98.8	55.0
98.9	57.3
99.0	57.2
99.2	55.6
99.3	55.2
99.4	54.8
99.5	54.4
99.6	57.8
99.8	57.5
99.9	55.6
